%YAML:1.0

# ======================================================================================================== #
# camera fr1
# ======================================================================================================== #

Camera.fx: 583.000000
Camera.fy: 583.000000
Camera.cx: 320.000000
Camera.cy: 240.000000

Camera.k1: 0
Camera.k2: 0
Camera.k3: 0
Camera.k4: 0
Camera.k5: 0

Camera.width: 640
Camera.height: 480

Camera.undistort: false #1 undistort 0 no need for undistort

# 582.870605 0.000000 320.000000 0.000000
# 0.000000 582.870605 240.000000 0.000000
# 0.000000 0.000000 1.000000 0.000000
# 0.000000 0.000000 0.000000 1.000000